2650 3485 121.26 7100 3076 3485 77.9761 7100 3485 2650 121.26 7100 3485 3076 77.9761 7100 2321 2479 44.2096 3216 2479 2321 44.2096 3216 590 2639 72.9982 8369 2639 590 72.9982 8369 89 1286 250.326 5811 1286 89 250.326 5811 661 1177 34.4463 8371 661 3313 18.9702 8371 1177 661 34.4463 8371 1177 3313 33.674 8371 3313 661 18.9702 8371 3313 1177 33.674 8371 2446 2738 39.5652 1 2738 2446 39.5652 1 1725 2995 122.146 9073 2995 1725 122.146 9073 
2333 3500 50.8532 7102 3500 2333 50.8532 7102 1799 2434 9.37522 2561 2434 1799 9.37522 2561 2653 3809 60.2645 8373 3809 2653 60.2645 8373 1680 2162 53.2864 2562 2162 1680 53.2864 2562 2242 2806 75.8079 9074 2806 2242 75.8079 9074 1848 2688 6.81139 1842 2688 1848 6.81139 1842 258 783 19.1859 1224 783 258 19.1859 1224 1944 2309 27.2176 2563 2309 1944 27.2176 2563 1574 1930 17.6649 5813 1930 1574 17.6649 5813 1028 2254 26.5825 1225 1028 3941 25.2427 1225 
2254 1028 26.5825 1225 2254 3941 30.8788 1225 3941 1028 25.2427 1225 3941 2254 30.8788 1225 1500 3081 67.8891 3864 3081 1500 67.8891 3864 825 888 48.0426 5148 888 825 48.0426 5148 2513 3174 102.177 5814 3174 2513 102.177 5814 329 581 39.353 5150 581 329 39.353 5150 918 2937 41.7361 5151 2937 918 41.7361 5151 127 315 49.7917 8374 315 127 49.7917 8374 689 1029 9.32309 5 1029 689 9.32309 5 37 3766 68.3657 7769 3766 37 68.3657 7769 
613 1110 65.7065 6 1110 613 65.7065 6 273 374 27.3101 9077 374 273 27.3101 9077 2086 2581 100.521 3866 2581 2086 100.521 3866 2896 3069 13.3351 7771 3069 2896 13.3351 7771 2070 3656 29.4611 7104 3656 2070 29.4611 7104 1510 2901 196.83 5152 2901 1510 196.83 5152 1949 2471 63.797 7 2471 1949 63.797 7 1673 3083 28.4879 9735 3083 1673 28.4879 9735 78 2667 23.1508 1228 78 3867 8.91568 1228 2667 78 23.1508 1228 2667 3867 24.4651 1228 
3867 78 8.91568 1228 3867 2667 24.4651 1228 899 2777 35.3597 2571 2777 899 35.3597 2571 1731 2491 29.9367 5155 2491 1731 29.9367 5155 339 2836 44.9587 610 2836 339 44.9587 610 24 3271 71.9145 6491 3271 24 71.9145 6491 3271 3766 81.1398 7769 3766 3271 81.1398 6491 1136 3260 38.2586 1846 3260 1136 38.2586 1846 1352 1408 86.9165 6492 1408 1352 86.9165 6492 518 3575 21.2791 7107 3575 518 21.2791 7107 265 774 61.1156 9081 774 265 61.1156 9081 
2469 3817 110.187 1229 3817 2469 110.187 1229 1319 2493 34.3592 611 2493 1319 34.3592 611 1293 2228 21.8773 3868 2228 1293 21.8773 3868 461 887 29.0987 3869 461 3949 58.8529 3869 887 461 29.0987 3869 887 3949 72.519 3869 3949 461 58.8529 3869 3949 887 72.519 3869 756 1320 97.3197 4523 1320 756 97.3197 4523 754 2163 9.69045 7108 2163 754 9.69045 7108 1211 2136 11.1524 9739 2136 1211 11.1524 9739 2149 2946 123.676 9 2946 2149 123.676 9 
2048 2225 24.6643 8379 2225 2048 24.6643 8379 1022 3719 51.6824 2573 3719 1022 51.6824 2573 646 3477 23.7354 1231 646 3479 14.6633 1231 3477 646 23.7354 1231 3477 3479 20.7027 1231 3479 646 14.6633 1231 3479 3477 20.7027 1231 3431 3530 65.5172 4525 3431 3929 23.1761 4525 3530 3431 65.5172 4525 3530 3929 65.6826 4525 3929 3431 23.1761 4525 3929 3530 65.6826 4525 56 1101 31.6401 7774 1101 56 31.6401 7774 2217 2751 44.2686 11 2751 2217 44.2686 11 
54 619 15.3325 12 54 2637 9.27855 12 619 54 15.3325 12 619 1101 42.0049 7774 619 2637 14.6757 12 1101 619 42.0049 12 1101 2637 35.9509 12 2637 54 9.27855 12 2637 619 14.6757 12 2637 1101 35.9509 7774 2999 3599 27.6986 3225 3599 2999 27.6986 3225 134 1832 40.2949 5818 1832 134 40.2949 5818 1483 2661 22.3606 1851 2661 1483 22.3606 1851 316 1634 201.917 7112 1634 316 201.917 7112 2293 2531 93.9126 13 2531 2293 93.9126 13 
2057 2666 29.1385 3872 2666 2057 29.1385 3872 1256 1986 28.6797 9085 1256 2691 22.9653 9085 1986 1256 28.6797 9085 1986 2691 26.8972 9085 2691 1256 22.9653 9085 2691 1986 26.8972 9085 3114 3636 34.9456 1232 3636 3114 34.9456 1232 2378 3366 38.5168 6496 3366 2378 38.5168 6496 332 1138 19.2663 7113 1138 332 19.2663 7113 605 1698 20.545 3226 1698 605 20.545 3226 1024 2578 24.2865 5160 2578 1024 24.2865 5160 1729 1804 41.5112 8381 1804 1729 41.5112 8381 
2137 3460 65.1222 1234 3460 2137 65.1222 1234 2743 3687 10.9198 3874 3687 2743 10.9198 3874 2529 2734 41.2635 618 2734 2529 41.2635 618 171 1849 22.844 2575 1849 171 22.844 2575 891 2046 32.8028 619 2046 891 32.8028 619 1612 2232 66.9252 5162 2232 1612 66.9252 5162 385 2494 22.8682 14 2494 385 22.8682 14 2230 3130 37.2142 620 3130 2230 37.2142 620 33 2754 7.52317 1235 2667 2754 26.8733 1235 2754 33 7.52317 1235 2754 2667 26.8733 1228 
2754 3867 12.6381 1228 3867 2754 12.6381 1235 1515 2203 55.0857 4529 2203 1515 55.0857 4529 1313 1454 27.0479 6499 1454 1313 27.0479 6499 3742 3877 40.0735 4530 3877 3742 40.0735 4530 942 1795 17.9183 623 1795 942 17.9183 623 713 1083 24.4132 4531 1083 713 24.4132 4531 219 2966 178.873 7777 2966 219 178.873 7777 2398 3162 44.1479 5824 3162 2398 44.1479 5824 768 1001 53.5122 3877 768 2721 97.6331 3877 1001 768 53.5122 3877 1001 2721 133.439 3877 
2721 768 97.6331 3877 2721 1001 133.439 3877 677 3445 38.2397 5166 3445 677 38.2397 5166 3 147 219.548 1237 147 3 219.548 1237 147 1286 270.079 5811 1286 147 270.079 1237 1930 3029 17.7566 1853 3029 1930 17.7566 1853 495 1386 167.952 624 1386 495 167.952 624 784 1077 16.7845 7122 1077 784 16.7845 7122 1757 3040 48.6274 625 3040 1757 48.6274 625 1869 3734 29.9892 627 3734 1869 29.9892 627 913 1598 60.6959 1239 1598 913 60.6959 1239 
3362 3518 115.542 5167 3518 3362 115.542 5167 329 2315 19.5933 7778 329 3842 25.8073 7778 2315 329 19.5933 7778 2315 3842 27.5395 7778 3842 329 25.8073 7778 3842 2315 27.5395 7778 276 2359 13.144 628 2359 276 13.144 628 3191 3196 10.7626 1240 3196 3191 10.7626 1240 416 2258 42.8265 2582 2258 416 42.8265 2582 1207 2567 61.8452 5828 2567 1207 61.8452 5828 1055 3874 16.4442 9744 3874 1055 16.4442 9744 655 1687 69.8379 1859 655 3465 98.3998 1859 
1687 655 69.8379 1859 1687 3465 65.6925 1859 3465 655 98.3998 1859 3465 1687 65.6925 1859 1095 2664 32.1786 3233 2664 1095 32.1786 3233 337 2544 37.0465 1241 2544 337 37.0465 1241 548 3377 15.9694 1242 3377 548 15.9694 1242 1079 3653 10.0949 631 3653 1079 10.0949 631 692 2641 84.4849 1243 2641 692 84.4849 1243 244 720 57.9012 3882 244 1415 123.421 3882 720 244 57.9012 3882 720 1415 128.657 3882 1415 244 123.421 3882 1415 720 128.657 3882 
3145 3685 57.3645 7126 3685 3145 57.3645 7126 1370 3301 6.69127 9746 3301 1370 6.69127 9746 1835 2560 43.238 8386 2560 1835 43.238 8386 1418 2757 44.7671 1244 2757 1418 44.7671 1244 2892 3872 29.0753 632 3872 2892 29.0753 632 158 672 12.8949 9091 672 158 12.8949 9091 1414 1694 198.276 9092 1414 3248 186.621 9092 1414 3926 162.761 9092 1694 1414 198.276 9092 1694 3248 184.644 9092 1694 3926 160.784 9092 3248 1414 186.621 9092 3248 1694 184.644 9092 
3248 3926 149.129 9092 3926 1414